#     w           TDOS(K,w)           Gamma(0,w)           ADOS(K,w)       ADOS_Error        TDOS_Error    Gamma_Error    TDOS_Loc(R=0)       TDOS_Loc_Error
       -2.500000   0.24120703E-04   0.13247837E-03   0.24098259E-04   0.36847148E-06   0.00000000E+00   0.43410061E-06   0.24051750E-04   0.11821907E-06
       -2.483333   0.24659961E-04   0.13329397E-03   0.24636798E-04   0.38063432E-06   0.00000000E+00   0.71259597E-06   0.24588529E-04   0.12306400E-06
       -2.466667   0.25221212E-04   0.13414704E-03   0.25197326E-04   0.39341507E-06   0.00000000E+00   0.74454293E-06   0.25147184E-04   0.12823557E-06
       -2.450000   0.25805739E-04   0.13503987E-03   0.25781126E-04   0.40685556E-06   0.00000000E+00   0.77873991E-06   0.25728989E-04   0.13345143E-06
       -2.433333   0.26415022E-04   0.13597522E-03   0.26389685E-04   0.42100348E-06   0.00000000E+00   0.81540477E-06   0.26335418E-04   0.13922352E-06
       -2.416667   0.27050696E-04   0.13695614E-03   0.27024643E-04   0.43591162E-06   0.00000000E+00   0.85478723E-06   0.26968099E-04   0.14526103E-06
       -2.400000   0.27714555E-04   0.13798606E-03   0.27687802E-04   0.45163819E-06   0.00000000E+00   0.89717190E-06   0.27628818E-04   0.15163996E-06
       -2.383333   0.28408574E-04   0.13906873E-03   0.28381142E-04   0.46824750E-06   0.00000000E+00   0.94288358E-06   0.28319539E-04   0.15840152E-06
       -2.366667   0.29134923E-04   0.14020833E-03   0.29106846E-04   0.48581076E-06   0.00000000E+00   0.99229412E-06   0.29042424E-04   0.16563686E-06
       -2.350000   0.29895997E-04   0.14140948E-03   0.29867323E-04   0.50440695E-06   0.00000000E+00   0.10458309E-05   0.29799859E-04   0.17326782E-06
       -2.333333   0.30694448E-04   0.14267737E-03   0.30665238E-04   0.52412398E-06   0.00000000E+00   0.11039874E-05   0.30594484E-04   0.18151446E-06
       -2.316667   0.31533217E-04   0.14401775E-03   0.31503554E-04   0.54505999E-06   0.00000000E+00   0.11673359E-05   0.31429231E-04   0.19036540E-06
       -2.300000   0.32415581E-04   0.14543711E-03   0.32385570E-04   0.56732486E-06   0.00000000E+00   0.12365440E-05   0.32307364E-04   0.19970761E-06
       -2.283333   0.33345201E-04   0.14694272E-03   0.33314977E-04   0.59104206E-06   0.00000000E+00   0.13123944E-05   0.33232531E-04   0.20984916E-06
       -2.266667   0.34326181E-04   0.14854281E-03   0.34295916E-04   0.61635087E-06   0.00000000E+00   0.13958104E-05   0.34208826E-04   0.22057627E-06
       -2.250000   0.35363143E-04   0.15024672E-03   0.35333056E-04   0.64340902E-06   0.00000000E+00   0.14878888E-05   0.35240859E-04   0.23227206E-06
       -2.233333   0.36461316E-04   0.15206509E-03   0.36431680E-04   0.67239588E-06   0.00000000E+00   0.15899415E-05   0.36333844E-04   0.24485106E-06
       -2.216667   0.37626639E-04   0.15401010E-03   0.37597798E-04   0.70351642E-06   0.00000000E+00   0.17035499E-05   0.37493710E-04   0.25838651E-06
       -2.200000   0.38865893E-04   0.15609576E-03   0.38838282E-04   0.73700602E-06   0.00000000E+00   0.18306369E-05   0.38727227E-04   0.27313084E-06
       -2.183333   0.40186863E-04   0.15833831E-03   0.40161030E-04   0.77313642E-06   0.00000000E+00   0.19735630E-05   0.40042170E-04   0.28904593E-06
       -2.166667   0.41598542E-04   0.16075663E-03   0.41575176E-04   0.81222326E-06   0.00000000E+00   0.21352556E-05   0.41447526E-04   0.30646099E-06
       -2.150000   0.43111379E-04   0.16337287E-03   0.43091356E-04   0.85463550E-06   0.00000000E+00   0.23193885E-05   0.42953741E-04   0.32543624E-06
       -2.133333   0.44737606E-04   0.16621317E-03   0.44722040E-04   0.90080750E-06   0.00000000E+00   0.25306318E-05   0.44573051E-04   0.34625283E-06
       -2.116667   0.46491651E-04   0.16930864E-03   0.46481966E-04   0.95125462E-06   0.00000000E+00   0.27750111E-05   0.46319898E-04   0.36918316E-06
       -2.100000   0.48390678E-04   0.17269664E-03   0.48388708E-04   0.10065936E-05   0.00000000E+00   0.30604318E-05   0.48211473E-04   0.39450434E-06
       -2.083333   0.50455300E-04   0.17642242E-03   0.50463428E-04   0.10675695E-05   0.00000000E+00   0.33974691E-05   0.50268440E-04   0.42254403E-06
       -2.066667   0.52710534E-04   0.18054146E-03   0.52731880E-04   0.11350923E-05   0.00000000E+00   0.38005906E-05   0.52515893E-04   0.45383473E-06
       -2.050000   0.55187103E-04   0.18512253E-03   0.55225800E-04   0.12102867E-05   0.00000000E+00   0.42901248E-05   0.54984684E-04   0.48892134E-06
       -2.033333   0.57923243E-04   0.19025213E-03   0.57984839E-04   0.12945619E-05   0.00000000E+00   0.48955625E-05   0.57713246E-04   0.52851261E-06
       -2.016667   0.60967272E-04   0.19604068E-03   0.61059324E-04   0.13897111E-05   0.00000000E+00   0.56613950E-05   0.60750204E-04   0.57352677E-06
       -2.000000   0.64381321E-04   0.20263174E-03   0.64514308E-04   0.14980583E-05   0.00000000E+00   0.66581231E-05   0.64158165E-04   0.62512834E-06
       -1.983333   0.68246919E-04   0.21021587E-03   0.68435685E-04   0.16226780E-05   0.00000000E+00   0.80047890E-05   0.68019406E-04   0.68486722E-06
       -1.966667   0.72673625E-04   0.21905228E-03   0.72939728E-04   0.17677405E-05   0.00000000E+00   0.99204098E-05   0.72444676E-04   0.75484606E-06
       -1.950000   0.77812897E-04   0.22950397E-03   0.78188623E-04   0.19390724E-05   0.00000000E+00   0.12861136E-04   0.77587387E-04   0.83803399E-06
       -1.933333   0.83881435E-04   0.24209778E-03   0.84416988E-04   0.21451137E-05   0.00000000E+00   0.17990220E-04   0.83667530E-04   0.93857139E-06
       -1.916667   0.91202755E-04   0.25763276E-03   0.91979979E-04   0.23986548E-05   0.00000000E+00   0.29889279E-04   0.91014428E-04   0.10628908E-05
       -1.900000   0.10028669E-03   0.27739131E-03   0.10144738E-03   0.27202327E-05   0.00000000E+00   0.19663559E-02   0.10014875E-03   0.12211387E-05
       -1.883333   0.11199602E-03   0.30359172E-03   0.11380668E-03   0.31454612E-05   0.00000000E+00   0.26126997E-02   0.11195513E-03   0.14306690E-05
       -1.866667   0.12794217E-03   0.34049429E-03   0.13096431E-03   0.37431235E-05   0.00000000E+00   0.84228252E-02   0.12809418E-03   0.17245214E-05
       -1.850000   0.15161073E-03   0.39767708E-03   0.15725126E-03   0.46695339E-05   0.00000000E+00   0.13869378E-01   0.15218225E-03   0.21759147E-05
       -1.833333   0.19266216E-03   0.50334076E-03   0.20567266E-03   0.63944221E-05   0.00000000E+00   0.17601911E-01   0.19434507E-03   0.29971333E-05
       -1.816667   0.29789731E-03   0.81132685E-03   0.35026017E-03   0.11599696E-04   0.00000000E+00   0.22997447E-01   0.30472267E-03   0.53531140E-05
       -1.800000   0.62144014E-02   0.24742016E-01   0.11738528E-01   0.41353583E-03   0.00000000E+00   0.27934249E-01   0.63889717E-02   0.20220236E-03
       -1.783333   0.28256803E-01   0.80140044E-01   0.34703598E-01   0.12450607E-02   0.00000000E+00   0.33626649E-01   0.29350078E-01   0.62300008E-03
       -1.766667   0.42060595E-01   0.10028729E+00   0.42129869E-01   0.15220854E-02   0.00000000E+00   0.32190723E-01   0.42943189E-01   0.86397513E-03
       -1.750000   0.52120923E-01   0.12458722E+00   0.51873582E-01   0.18790548E-02   0.00000000E+00   0.31992989E-01   0.52512004E-01   0.10631182E-02
       -1.733333   0.60150650E-01   0.14284202E+00   0.59824395E-01   0.21711383E-02   0.00000000E+00   0.30853201E-01   0.60213095E-01   0.12283550E-02
       -1.716667   0.67446255E-01   0.15839083E+00   0.66949069E-01   0.24340912E-02   0.00000000E+00   0.28529234E-01   0.67275184E-01   0.13815510E-02
       -1.700000   0.74233042E-01   0.17219899E+00   0.73606247E-01   0.26804174E-02   0.00000000E+00   0.28931595E-01   0.73873724E-01   0.15264466E-02
       -1.683333   0.80650318E-01   0.18463263E+00   0.79923099E-01   0.29145799E-02   0.00000000E+00   0.26562160E-01   0.80131267E-01   0.16652819E-02
       -1.666667   0.86795041E-01   0.19594712E+00   0.85984333E-01   0.31395314E-02   0.00000000E+00   0.27233271E-01   0.86134215E-01   0.17995959E-02
       -1.650000   0.92731474E-01   0.20632428E+00   0.91848640E-01   0.33572968E-02   0.00000000E+00   0.28170907E-01   0.91941094E-01   0.19304199E-02
       -1.633333   0.98506599E-01   0.21589960E+00   0.97558870E-01   0.35693275E-02   0.00000000E+00   0.29149558E-01   0.97595279E-01   0.20584862E-02
       -1.616667   0.10415561E+00   0.22477619E+00   0.10314741E+00   0.37766951E-02   0.00000000E+00   0.25780051E-01   0.10312958E+00   0.21843227E-02
       -1.600000   0.10970579E+00   0.23303443E+00   0.10863966E+00   0.39802171E-02   0.00000000E+00   0.16934820E-01   0.10856971E+00   0.23083196E-02
       -1.583333   0.11517908E+00   0.24073870E+00   0.11405627E+00   0.41805314E-02   0.00000000E+00   0.17208711E-01   0.11393652E+00   0.24307683E-02
       -1.566667   0.12059345E+00   0.24794206E+00   0.11941430E+00   0.43781364E-02   0.00000000E+00   0.93564311E-02   0.11924721E+00   0.25518791E-02
       -1.550000   0.12596370E+00   0.25468913E+00   0.12472794E+00   0.45734107E-02   0.00000000E+00   0.88922487E-02   0.12451599E+00   0.26717903E-02
       -1.533333   0.13130199E+00   0.26101759E+00   0.13000885E+00   0.47666297E-02   0.00000000E+00   0.86190027E-02   0.12975452E+00   0.27905791E-02
       -1.516667   0.13661829E+00   0.26695919E+00   0.13526667E+00   0.49579856E-02   0.00000000E+00   0.83553358E-02   0.13497246E+00   0.29082751E-02
       -1.500000   0.14192099E+00   0.27254082E+00   0.14050954E+00   0.51476070E-02   0.00000000E+00   0.80970706E-02   0.14017797E+00   0.30248717E-02
       -1.483333   0.14721725E+00   0.27778568E+00   0.14574443E+00   0.53355705E-02   0.00000000E+00   0.78442470E-02   0.14537813E+00   0.31403318E-02
       -1.466667   0.15251324E+00   0.28271424E+00   0.15097745E+00   0.55219050E-02   0.00000000E+00   0.75968000E-02   0.15057910E+00   0.32545897E-02
       -1.450000   0.15781425E+00   0.28734494E+00   0.15621385E+00   0.57065909E-02   0.00000000E+00   0.73543297E-02   0.15578621E+00   0.33675499E-02
       -1.433333   0.16312469E+00   0.29169465E+00   0.16145804E+00   0.58895566E-02   0.00000000E+00   0.71169387E-02   0.16100395E+00   0.34790858E-02
       -1.416667   0.16844808E+00   0.29577892E+00   0.16671358E+00   0.60706763E-02   0.00000000E+00   0.68848797E-02   0.16623597E+00   0.35890400E-02
       -1.400000   0.17378701E+00   0.29961216E+00   0.17198314E+00   0.62497695E-02   0.00000000E+00   0.66584881E-02   0.17148503E+00   0.36972258E-02
       -1.383333   0.17914317E+00   0.30320774E+00   0.17726852E+00   0.64266011E-02   0.00000000E+00   0.64380821E-02   0.17675308E+00   0.38034313E-02
       -1.366667   0.18451743E+00   0.30657808E+00   0.18257071E+00   0.66008833E-02   0.00000000E+00   0.62239178E-02   0.18204128E+00   0.39074222E-02
       -1.350000   0.18990979E+00   0.30973493E+00   0.18788988E+00   0.67722755E-02   0.00000000E+00   0.60162500E-02   0.18735002E+00   0.40089456E-02
       -1.333333   0.19531945E+00   0.31268947E+00   0.19322544E+00   0.69403820E-02   0.00000000E+00   0.58153782E-02   0.19267892E+00   0.41077316E-02
       -1.316667   0.20074476E+00   0.31545261E+00   0.19857596E+00   0.71047498E-02   0.00000000E+00   0.56216548E-02   0.19802681E+00   0.42034953E-02
       -1.300000   0.20618317E+00   0.31803507E+00   0.20393912E+00   0.72648654E-02   0.00000000E+00   0.54354672E-02   0.20339169E+00   0.42959388E-02
       -1.283333   0.21163119E+00   0.32044749E+00   0.20931172E+00   0.74201527E-02   0.00000000E+00   0.52572081E-02   0.20877063E+00   0.43847538E-02
       -1.266667   0.21708433E+00   0.32270050E+00   0.21468955E+00   0.75699724E-02   0.00000000E+00   0.50872494E-02   0.21415979E+00   0.44696234E-02
       -1.250000   0.22253712E+00   0.32480473E+00   0.22006744E+00   0.77136235E-02   0.00000000E+00   0.49259250E-02   0.21955435E+00   0.45502253E-02
       -1.233333   0.22798309E+00   0.32677084E+00   0.22543925E+00   0.78503462E-02   0.00000000E+00   0.47735214E-02   0.22494855E+00   0.46262325E-02
       -1.216667   0.23341480E+00   0.32860949E+00   0.23079792E+00   0.79793261E-02   0.00000000E+00   0.46302682E-02   0.23033567E+00   0.46973137E-02
       -1.200000   0.23882392E+00   0.33033131E+00   0.23613549E+00   0.80997018E-02   0.00000000E+00   0.44963263E-02   0.23570810E+00   0.47631307E-02
       -1.183333   0.24420130E+00   0.33194690E+00   0.24144328E+00   0.82105735E-02   0.00000000E+00   0.43717715E-02   0.24105737E+00   0.48233345E-02
       -1.166667   0.24953709E+00   0.33346672E+00   0.24671196E+00   0.83110154E-02   0.00000000E+00   0.42565779E-02   0.24637431E+00   0.48775585E-02
       -1.150000   0.25482086E+00   0.33490107E+00   0.25193171E+00   0.84000895E-02   0.00000000E+00   0.41506025E-02   0.25164909E+00   0.49254109E-02
       -1.133333   0.26004184E+00   0.33625994E+00   0.25709247E+00   0.84768638E-02   0.00000000E+00   0.40535748E-02   0.25687142E+00   0.49664660E-02
       -1.116667   0.26518905E+00   0.33755298E+00   0.26218405E+00   0.85404330E-02   0.00000000E+00   0.39650917E-02   0.26203073E+00   0.50002580E-02
       -1.100000   0.27025153E+00   0.33878936E+00   0.26719643E+00   0.85899418E-02   0.00000000E+00   0.38846206E-02   0.26711627E+00   0.50262784E-02
       -1.083333   0.27521858E+00   0.33997771E+00   0.27211993E+00   0.86246132E-02   0.00000000E+00   0.38115096E-02   0.27211742E+00   0.50439807E-02
       -1.066667   0.28007994E+00   0.34112599E+00   0.27694543E+00   0.86437774E-02   0.00000000E+00   0.37450062E-02   0.27702379E+00   0.50527950E-02
       -1.050000   0.28482602E+00   0.34224145E+00   0.28166456E+00   0.86469045E-02   0.00000000E+00   0.36842851E-02   0.28182551E+00   0.50521533E-02
       -1.033333   0.28944808E+00   0.34333059E+00   0.28626984E+00   0.86336367E-02   0.00000000E+00   0.36284823E-02   0.28651337E+00   0.50415277E-02
       -1.016667   0.29393839E+00   0.34439909E+00   0.29075487E+00   0.86038201E-02   0.00000000E+00   0.35767330E-02   0.29107902E+00   0.50204785E-02
       -1.000000   0.29829039E+00   0.34545183E+00   0.29511435E+00   0.85575331E-02   0.00000000E+00   0.35282100E-02   0.29551512E+00   0.49887091E-02
       -0.983333   0.30249873E+00   0.34649290E+00   0.29934420E+00   0.84951092E-02   0.00000000E+00   0.34821585E-02   0.29981549E+00   0.49461243E-02
       -0.966667   0.30655936E+00   0.34752564E+00   0.30344160E+00   0.84171526E-02   0.00000000E+00   0.34379261E-02   0.30397521E+00   0.48928831E-02
       -0.950000   0.31046956E+00   0.34855268E+00   0.30740491E+00   0.83245443E-02   0.00000000E+00   0.33949879E-02   0.30799063E+00   0.48294430E-02
       -0.933333   0.31422787E+00   0.34957601E+00   0.31123372E+00   0.82184374E-02   0.00000000E+00   0.33529658E-02   0.31185945E+00   0.47565865E-02
       -0.916667   0.31783408E+00   0.35059708E+00   0.31492875E+00   0.81002431E-02   0.00000000E+00   0.33116438E-02   0.31558070E+00   0.46754297E-02
       -0.900000   0.32128915E+00   0.35161680E+00   0.31849177E+00   0.79716065E-02   0.00000000E+00   0.32709791E-02   0.31915465E+00   0.45874080E-02
       -0.883333   0.32459504E+00   0.35263571E+00   0.32192547E+00   0.78343749E-02   0.00000000E+00   0.32311073E-02   0.32258276E+00   0.44942412E-02
       -0.866667   0.32775467E+00   0.35365394E+00   0.32523339E+00   0.76905626E-02   0.00000000E+00   0.31923407E-02   0.32586757E+00   0.43978801E-02
       -0.850000   0.33077175E+00   0.35467135E+00   0.32841974E+00   0.75423121E-02   0.00000000E+00   0.31551575E-02   0.32901256E+00   0.43004403E-02
       -0.833333   0.33365062E+00   0.35568752E+00   0.33148926E+00   0.73918574E-02   0.00000000E+00   0.31201798E-02   0.33202201E+00   0.42041273E-02
       -0.816667   0.33639615E+00   0.35670183E+00   0.33444709E+00   0.72414889E-02   0.00000000E+00   0.30881410E-02   0.33490085E+00   0.41111609E-02
       -0.800000   0.33901357E+00   0.35771346E+00   0.33729858E+00   0.70935229E-02   0.00000000E+00   0.30598447E-02   0.33765452E+00   0.40237041E-02
       -0.783333   0.34150841E+00   0.35872144E+00   0.34004917E+00   0.69502730E-02   0.00000000E+00   0.30361185E-02   0.34028879E+00   0.39438007E-02
       -0.766667   0.34388630E+00   0.35972465E+00   0.34270423E+00   0.68140234E-02   0.00000000E+00   0.30177681E-02   0.34280963E+00   0.38733265E-02
       -0.750000   0.34615294E+00   0.36072186E+00   0.34526894E+00   0.66869997E-02   0.00000000E+00   0.30055361E-02   0.34522309E+00   0.38139531E-02
       -0.733333   0.34831399E+00   0.36171173E+00   0.34774818E+00   0.65713350E-02   0.00000000E+00   0.30000706E-02   0.34753518E+00   0.37671260E-02
       -0.716667   0.35037499E+00   0.36269282E+00   0.35014641E+00   0.64690281E-02   0.00000000E+00   0.30019039E-02   0.34975172E+00   0.37340533E-02
       -0.700000   0.35234132E+00   0.36366365E+00   0.35246760E+00   0.63818916E-02   0.00000000E+00   0.30114422E-02   0.35187831E+00   0.37157033E-02
       -0.683333   0.35421814E+00   0.36462268E+00   0.35471517E+00   0.63114906E-02   0.00000000E+00   0.30289635E-02   0.35392024E+00   0.37128073E-02
       -0.666667   0.35601038E+00   0.36556835E+00   0.35689195E+00   0.62590760E-02   0.00000000E+00   0.30546190E-02   0.35588242E+00   0.37258668E-02
       -0.650000   0.35772267E+00   0.36649909E+00   0.35900017E+00   0.62255176E-02   0.00000000E+00   0.30884366E-02   0.35776933E+00   0.37551614E-02
       -0.633333   0.35935936E+00   0.36741337E+00   0.36104146E+00   0.62112453E-02   0.00000000E+00   0.31303236E-02   0.35958504E+00   0.38007602E-02
       -0.616667   0.36092451E+00   0.36830969E+00   0.36301688E+00   0.62162060E-02   0.00000000E+00   0.31800676E-02   0.36133318E+00   0.38625347E-02
       -0.600000   0.36242186E+00   0.36918664E+00   0.36492697E+00   0.62398455E-02   0.00000000E+00   0.32373372E-02   0.36301691E+00   0.39401748E-02
       -0.583333   0.36385483E+00   0.37004289E+00   0.36677182E+00   0.62811180E-02   0.00000000E+00   0.33016839E-02   0.36463901E+00   0.40332088E-02
       -0.566667   0.36522657E+00   0.37087722E+00   0.36855113E+00   0.63385237E-02   0.00000000E+00   0.33725450E-02   0.36620183E+00   0.41410259E-02
       -0.550000   0.36653991E+00   0.37168853E+00   0.37026434E+00   0.64101737E-02   0.00000000E+00   0.34492510E-02   0.36770740E+00   0.42629017E-02
       -0.533333   0.36779741E+00   0.37247586E+00   0.37191069E+00   0.64938723E-02   0.00000000E+00   0.35310341E-02   0.36915740E+00   0.43980245E-02
       -0.516667   0.36900134E+00   0.37323837E+00   0.37348934E+00   0.65872115E-02   0.00000000E+00   0.36170413E-02   0.37055327E+00   0.45455208E-02
       -0.500000   0.37015376E+00   0.37397538E+00   0.37499945E+00   0.66876678E-02   0.00000000E+00   0.37063480E-02   0.37189620E+00   0.47044791E-02
       -0.483333   0.37125647E+00   0.37468631E+00   0.37644028E+00   0.67926955E-02   0.00000000E+00   0.37979740E-02   0.37318723E+00   0.48739696E-02
       -0.466667   0.37231106E+00   0.37537071E+00   0.37781124E+00   0.68998088E-02   0.00000000E+00   0.38908992E-02   0.37442725E+00   0.50530598E-02
       -0.450000   0.37331894E+00   0.37602826E+00   0.37911197E+00   0.70066518E-02   0.00000000E+00   0.39840803E-02   0.37561706E+00   0.52408241E-02
       -0.433333   0.37428136E+00   0.37665868E+00   0.38034235E+00   0.71110516E-02   0.00000000E+00   0.40764667E-02   0.37675739E+00   0.54363486E-02
       -0.416667   0.37519942E+00   0.37726183E+00   0.38150252E+00   0.72110561E-02   0.00000000E+00   0.41670157E-02   0.37784894E+00   0.56387309E-02
       -0.400000   0.37607409E+00   0.37783757E+00   0.38259287E+00   0.73049556E-02   0.00000000E+00   0.42547076E-02   0.37889236E+00   0.58470750E-02
       -0.383333   0.37690624E+00   0.37838585E+00   0.38361405E+00   0.73912916E-02   0.00000000E+00   0.43385594E-02   0.37988832E+00   0.60604833E-02
       -0.366667   0.37769669E+00   0.37890665E+00   0.38456692E+00   0.74688529E-02   0.00000000E+00   0.44176378E-02   0.38083746E+00   0.62780464E-02
       -0.350000   0.37844613E+00   0.37939995E+00   0.38545251E+00   0.75366634E-02   0.00000000E+00   0.44910712E-02   0.38174039E+00   0.64988316E-02
       -0.333333   0.37915526E+00   0.37986580E+00   0.38627200E+00   0.75939630E-02   0.00000000E+00   0.45580607E-02   0.38259774E+00   0.67218721E-02
       -0.316667   0.37982470E+00   0.38030425E+00   0.38702665E+00   0.76401864E-02   0.00000000E+00   0.46178901E-02   0.38341008E+00   0.69461570E-02
       -0.300000   0.38045506E+00   0.38071536E+00   0.38771780E+00   0.76749403E-02   0.00000000E+00   0.46699347E-02   0.38417797E+00   0.71706235E-02
       -0.283333   0.38104692E+00   0.38109923E+00   0.38834682E+00   0.76979822E-02   0.00000000E+00   0.47136692E-02   0.38490192E+00   0.73941508E-02
       -0.266667   0.38160085E+00   0.38145600E+00   0.38891506E+00   0.77092034E-02   0.00000000E+00   0.47486742E-02   0.38558239E+00   0.76155575E-02
       -0.250000   0.38211741E+00   0.38178580E+00   0.38942390E+00   0.77086153E-02   0.00000000E+00   0.47746418E-02   0.38621979E+00   0.78336008E-02
       -0.233333   0.38259715E+00   0.38208884E+00   0.38987465E+00   0.76963408E-02   0.00000000E+00   0.47913798E-02   0.38681448E+00   0.80469796E-02
       -0.216667   0.38304061E+00   0.38236530E+00   0.39026864E+00   0.76726105E-02   0.00000000E+00   0.47988155E-02   0.38736679E+00   0.82543398E-02
       -0.200000   0.38344834E+00   0.38261542E+00   0.39060712E+00   0.76377622E-02   0.00000000E+00   0.47969974E-02   0.38787697E+00   0.84542833E-02
       -0.183333   0.38382087E+00   0.38283946E+00   0.39089137E+00   0.75922425E-02   0.00000000E+00   0.47860973E-02   0.38834527E+00   0.86453793E-02
       -0.166667   0.38415872E+00   0.38303767E+00   0.39112260E+00   0.75366106E-02   0.00000000E+00   0.47664105E-02   0.38877189E+00   0.88261797E-02
       -0.150000   0.38446243E+00   0.38321030E+00   0.39130206E+00   0.74715404E-02   0.00000000E+00   0.47383556E-02   0.38915705E+00   0.89952377E-02
       -0.133333   0.38473250E+00   0.38335762E+00   0.39143095E+00   0.73978209E-02   0.00000000E+00   0.47024728E-02   0.38950092E+00   0.91511287E-02
       -0.116667   0.38496941E+00   0.38347987E+00   0.39151050E+00   0.73163540E-02   0.00000000E+00   0.46594216E-02   0.38980371E+00   0.92924745E-02
       -0.100000   0.38517364E+00   0.38357726E+00   0.39154194E+00   0.72281473E-02   0.00000000E+00   0.46099758E-02   0.39006559E+00   0.94179699E-02
       -0.083333   0.38534562E+00   0.38364997E+00   0.39152648E+00   0.71343027E-02   0.00000000E+00   0.45550175E-02   0.39028676E+00   0.95264094E-02
       -0.066667   0.38548575E+00   0.38369815E+00   0.39146536E+00   0.70359999E-02   0.00000000E+00   0.44955277E-02   0.39046741E+00   0.96167151E-02
       -0.050000   0.38559435E+00   0.38372188E+00   0.39135977E+00   0.69344763E-02   0.00000000E+00   0.44325745E-02   0.39060771E+00   0.96879628E-02
       -0.033333   0.38567172E+00   0.38372121E+00   0.39121089E+00   0.68310030E-02   0.00000000E+00   0.43672980E-02   0.39070781E+00   0.97394059E-02
       -0.016667   0.38571806E+00   0.38369615E+00   0.39101987E+00   0.67268582E-02   0.00000000E+00   0.43008903E-02   0.39076782E+00   0.97704958E-02
        0.000000   0.38573349E+00   0.38364666E+00   0.39078781E+00   0.66233007E-02   0.00000000E+00   0.42345728E-02   0.39078781E+00   0.97808967E-02
        0.016667   0.38571806E+00   0.38357265E+00   0.39051576E+00   0.65215436E-02   0.00000000E+00   0.41695683E-02   0.39076782E+00   0.97704958E-02
        0.033333   0.38567172E+00   0.38347402E+00   0.39020472E+00   0.64227305E-02   0.00000000E+00   0.41070695E-02   0.39070781E+00   0.97394059E-02
        0.050000   0.38559435E+00   0.38335065E+00   0.38985565E+00   0.63279154E-02   0.00000000E+00   0.40482051E-02   0.39060771E+00   0.96879628E-02
        0.066667   0.38548575E+00   0.38320241E+00   0.38946946E+00   0.62380468E-02   0.00000000E+00   0.39940035E-02   0.39046741E+00   0.96167151E-02
        0.083333   0.38534562E+00   0.38302918E+00   0.38904704E+00   0.61539583E-02   0.00000000E+00   0.39453568E-02   0.39028676E+00   0.95264094E-02
        0.100000   0.38517364E+00   0.38283087E+00   0.38858924E+00   0.60763634E-02   0.00000000E+00   0.39029883E-02   0.39006559E+00   0.94179699E-02
        0.116667   0.38496941E+00   0.38260743E+00   0.38809691E+00   0.60058563E-02   0.00000000E+00   0.38674242E-02   0.38980371E+00   0.92924745E-02
        0.133333   0.38473250E+00   0.38235884E+00   0.38757090E+00   0.59429174E-02   0.00000000E+00   0.38389743E-02   0.38950092E+00   0.91511287E-02
        0.150000   0.38446243E+00   0.38208516E+00   0.38701204E+00   0.58879216E-02   0.00000000E+00   0.38177227E-02   0.38915705E+00   0.89952377E-02
        0.166667   0.38415872E+00   0.38178650E+00   0.38642118E+00   0.58411500E-02   0.00000000E+00   0.38035304E-02   0.38877189E+00   0.88261797E-02
        0.183333   0.38382087E+00   0.38146304E+00   0.38579916E+00   0.58028021E-02   0.00000000E+00   0.37960496E-02   0.38834527E+00   0.86453793E-02
        0.200000   0.38344834E+00   0.38111504E+00   0.38514681E+00   0.57730083E-02   0.00000000E+00   0.37947496E-02   0.38787697E+00   0.84542833E-02
        0.216667   0.38304061E+00   0.38074283E+00   0.38446494E+00   0.57518417E-02   0.00000000E+00   0.37989509E-02   0.38736679E+00   0.82543398E-02
        0.233333   0.38259715E+00   0.38034682E+00   0.38375431E+00   0.57393279E-02   0.00000000E+00   0.38078660E-02   0.38681448E+00   0.80469796E-02
        0.250000   0.38211741E+00   0.37992748E+00   0.38301568E+00   0.57354530E-02   0.00000000E+00   0.38206428E-02   0.38621979E+00   0.78336008E-02
        0.266667   0.38160085E+00   0.37948538E+00   0.38224971E+00   0.57401690E-02   0.00000000E+00   0.38364071E-02   0.38558239E+00   0.76155575E-02
        0.283333   0.38104692E+00   0.37902114E+00   0.38145702E+00   0.57533969E-02   0.00000000E+00   0.38543035E-02   0.38490192E+00   0.73941508E-02
        0.300000   0.38045506E+00   0.37853545E+00   0.38063814E+00   0.57750279E-02   0.00000000E+00   0.38735302E-02   0.38417797E+00   0.71706235E-02
        0.316667   0.37982470E+00   0.37802905E+00   0.37979351E+00   0.58049225E-02   0.00000000E+00   0.38933696E-02   0.38341008E+00   0.69461570E-02
        0.333333   0.37915526E+00   0.37750276E+00   0.37892347E+00   0.58429089E-02   0.00000000E+00   0.39132120E-02   0.38259774E+00   0.67218721E-02
        0.350000   0.37844613E+00   0.37695741E+00   0.37802827E+00   0.58887802E-02   0.00000000E+00   0.39325734E-02   0.38174039E+00   0.64988316E-02
        0.366667   0.37769669E+00   0.37639387E+00   0.37710799E+00   0.59422922E-02   0.00000000E+00   0.39511078E-02   0.38083746E+00   0.62780464E-02
        0.383333   0.37690624E+00   0.37581303E+00   0.37616260E+00   0.60031618E-02   0.00000000E+00   0.39686127E-02   0.37988832E+00   0.60604833E-02
        0.400000   0.37607409E+00   0.37521578E+00   0.37519186E+00   0.60710659E-02   0.00000000E+00   0.39850279E-02   0.37889236E+00   0.58470750E-02
        0.416667   0.37519942E+00   0.37460296E+00   0.37419536E+00   0.61456429E-02   0.00000000E+00   0.40004260E-02   0.37784894E+00   0.56387309E-02
        0.433333   0.37428136E+00   0.37397539E+00   0.37317244E+00   0.62264946E-02   0.00000000E+00   0.40149922E-02   0.37675739E+00   0.54363486E-02
        0.450000   0.37331894E+00   0.37333382E+00   0.37212215E+00   0.63131908E-02   0.00000000E+00   0.40289927E-02   0.37561706E+00   0.52408241E-02
        0.466667   0.37231106E+00   0.37267891E+00   0.37104327E+00   0.64052750E-02   0.00000000E+00   0.40427282E-02   0.37442725E+00   0.50530598E-02
        0.483333   0.37125647E+00   0.37201122E+00   0.36993419E+00   0.65022700E-02   0.00000000E+00   0.40564776E-02   0.37318723E+00   0.48739696E-02
        0.500000   0.37015376E+00   0.37133118E+00   0.36879295E+00   0.66036854E-02   0.00000000E+00   0.40704354E-02   0.37189620E+00   0.47044791E-02
        0.516667   0.36900134E+00   0.37063911E+00   0.36761720E+00   0.67090236E-02   0.00000000E+00   0.40846573E-02   0.37055327E+00   0.45455208E-02
        0.533333   0.36779741E+00   0.36993520E+00   0.36640411E+00   0.68177849E-02   0.00000000E+00   0.40990279E-02   0.36915740E+00   0.43980245E-02
        0.550000   0.36653991E+00   0.36921951E+00   0.36515045E+00   0.69294711E-02   0.00000000E+00   0.41132596E-02   0.36770740E+00   0.42629017E-02
        0.566667   0.36522657E+00   0.36849196E+00   0.36385253E+00   0.70435868E-02   0.00000000E+00   0.41269236E-02   0.36620183E+00   0.41410259E-02
        0.583333   0.36385483E+00   0.36775240E+00   0.36250620E+00   0.71596384E-02   0.00000000E+00   0.41395006E-02   0.36463901E+00   0.40332088E-02
        0.600000   0.36242186E+00   0.36700056E+00   0.36110685E+00   0.72771312E-02   0.00000000E+00   0.41504333E-02   0.36301691E+00   0.39401748E-02
        0.616667   0.36092451E+00   0.36623613E+00   0.35964948E+00   0.73955629E-02   0.00000000E+00   0.41591693E-02   0.36133318E+00   0.38625347E-02
        0.633333   0.35935936E+00   0.36545877E+00   0.35812863E+00   0.75144171E-02   0.00000000E+00   0.41651873E-02   0.35958504E+00   0.38007602E-02
        0.650000   0.35772267E+00   0.36466810E+00   0.35653850E+00   0.76331548E-02   0.00000000E+00   0.41680110E-02   0.35776933E+00   0.37551614E-02
        0.666667   0.35601038E+00   0.36386378E+00   0.35487289E+00   0.77512052E-02   0.00000000E+00   0.41672147E-02   0.35588242E+00   0.37258668E-02
        0.683333   0.35421814E+00   0.36304552E+00   0.35312532E+00   0.78679581E-02   0.00000000E+00   0.41624260E-02   0.35392024E+00   0.37128073E-02
        0.700000   0.35234132E+00   0.36221309E+00   0.35128903E+00   0.79827558E-02   0.00000000E+00   0.41533278E-02   0.35187831E+00   0.37157033E-02
        0.716667   0.35037499E+00   0.36136634E+00   0.34935702E+00   0.80948878E-02   0.00000000E+00   0.41396616E-02   0.34975172E+00   0.37340533E-02
        0.733333   0.34831399E+00   0.36050526E+00   0.34732217E+00   0.82035876E-02   0.00000000E+00   0.41212305E-02   0.34753518E+00   0.37671260E-02
        0.750000   0.34615294E+00   0.35962992E+00   0.34517724E+00   0.83080324E-02   0.00000000E+00   0.40979030E-02   0.34522309E+00   0.38139531E-02
        0.766667   0.34388630E+00   0.35874056E+00   0.34291503E+00   0.84073452E-02   0.00000000E+00   0.40696154E-02   0.34280963E+00   0.38733265E-02
        0.783333   0.34150841E+00   0.35783750E+00   0.34052841E+00   0.85006016E-02   0.00000000E+00   0.40363763E-02   0.34028879E+00   0.39438007E-02
        0.800000   0.33901357E+00   0.35692123E+00   0.33801046E+00   0.85868400E-02   0.00000000E+00   0.39982745E-02   0.33765452E+00   0.40237041E-02
        0.816667   0.33639615E+00   0.35599232E+00   0.33535462E+00   0.86650760E-02   0.00000000E+00   0.39554948E-02   0.33490085E+00   0.41111609E-02
        0.833333   0.33365062E+00   0.35505142E+00   0.33255476E+00   0.87343217E-02   0.00000000E+00   0.39083459E-02   0.33202201E+00   0.42041273E-02
        0.850000   0.33077175E+00   0.35409924E+00   0.32960538E+00   0.87936085E-02   0.00000000E+00   0.38572993E-02   0.32901256E+00   0.43004403E-02
        0.866667   0.32775467E+00   0.35313651E+00   0.32650175E+00   0.88420157E-02   0.00000000E+00   0.38030326E-02   0.32586757E+00   0.43978801E-02
        0.883333   0.32459504E+00   0.35216386E+00   0.32324005E+00   0.88787003E-02   0.00000000E+00   0.37464650E-02   0.32258276E+00   0.44942412E-02
        0.900000   0.32128915E+00   0.35118184E+00   0.31981753E+00   0.89029307E-02   0.00000000E+00   0.36887687E-02   0.31915465E+00   0.45874080E-02
        0.916667   0.31783408E+00   0.35019077E+00   0.31623265E+00   0.89141188E-02   0.00000000E+00   0.36313433E-02   0.31558070E+00   0.46754297E-02
        0.933333   0.31422787E+00   0.34919071E+00   0.31248518E+00   0.89118505E-02   0.00000000E+00   0.35757505E-02   0.31185945E+00   0.47565865E-02
        0.950000   0.31046956E+00   0.34818132E+00   0.30857634E+00   0.88959101E-02   0.00000000E+00   0.35236192E-02   0.30799063E+00   0.48294430E-02
        0.966667   0.30655936E+00   0.34716178E+00   0.30450881E+00   0.88662971E-02   0.00000000E+00   0.34765465E-02   0.30397521E+00   0.48928831E-02
        0.983333   0.30249873E+00   0.34613072E+00   0.30028678E+00   0.88232318E-02   0.00000000E+00   0.34360190E-02   0.29981549E+00   0.49461243E-02
        1.000000   0.29829039E+00   0.34508611E+00   0.29591589E+00   0.87671499E-02   0.00000000E+00   0.34033696E-02   0.29551512E+00   0.49887091E-02
        1.016667   0.29393839E+00   0.34402519E+00   0.29140317E+00   0.86986834E-02   0.00000000E+00   0.33797663E-02   0.29107902E+00   0.50204785E-02
        1.033333   0.28944808E+00   0.34294443E+00   0.28675690E+00   0.86186314E-02   0.00000000E+00   0.33662183E-02   0.28651337E+00   0.50415277E-02
        1.050000   0.28482602E+00   0.34183948E+00   0.28198647E+00   0.85279208E-02   0.00000000E+00   0.33635836E-02   0.28182551E+00   0.50521533E-02
        1.066667   0.28007994E+00   0.34070519E+00   0.27710216E+00   0.84275624E-02   0.00000000E+00   0.33725727E-02   0.27702379E+00   0.50527950E-02
        1.083333   0.27521858E+00   0.33953558E+00   0.27211491E+00   0.83186043E-02   0.00000000E+00   0.33937481E-02   0.27211742E+00   0.50439807E-02
        1.100000   0.27025153E+00   0.33832388E+00   0.26703612E+00   0.82020885E-02   0.00000000E+00   0.34275264E-02   0.26711627E+00   0.50262784E-02
        1.116667   0.26518905E+00   0.33706263E+00   0.26187741E+00   0.80790128E-02   0.00000000E+00   0.34741878E-02   0.26203073E+00   0.50002580E-02
        1.133333   0.26004184E+00   0.33574368E+00   0.25665038E+00   0.79503013E-02   0.00000000E+00   0.35338942E-02   0.25687142E+00   0.49664660E-02
        1.150000   0.25482086E+00   0.33435834E+00   0.25136646E+00   0.78167842E-02   0.00000000E+00   0.36067108E-02   0.25164909E+00   0.49254109E-02
        1.166667   0.24953709E+00   0.33289740E+00   0.24603665E+00   0.76791879E-02   0.00000000E+00   0.36926271E-02   0.24637431E+00   0.48775585E-02
        1.183333   0.24420130E+00   0.33135127E+00   0.24067146E+00   0.75381326E-02   0.00000000E+00   0.37915741E-02   0.24105737E+00   0.48233345E-02
        1.200000   0.23882392E+00   0.32971003E+00   0.23528070E+00   0.73941377E-02   0.00000000E+00   0.39034395E-02   0.23570810E+00   0.47631307E-02
        1.216667   0.23341480E+00   0.32796355E+00   0.22987343E+00   0.72476313E-02   0.00000000E+00   0.40280811E-02   0.23033567E+00   0.46973137E-02
        1.233333   0.22798309E+00   0.32610149E+00   0.22445785E+00   0.70989629E-02   0.00000000E+00   0.41653396E-02   0.22494855E+00   0.46262325E-02
        1.250000   0.22253712E+00   0.32411344E+00   0.21904127E+00   0.69484160E-02   0.00000000E+00   0.43150370E-02   0.21955435E+00   0.45502253E-02
        1.266667   0.21708433E+00   0.32198888E+00   0.21363003E+00   0.67962210E-02   0.00000000E+00   0.44769535E-02   0.21415979E+00   0.44696234E-02
        1.283333   0.21163119E+00   0.31971728E+00   0.20822954E+00   0.66425663E-02   0.00000000E+00   0.46508033E-02   0.20877063E+00   0.43847538E-02
        1.300000   0.20618317E+00   0.31728806E+00   0.20284425E+00   0.64876073E-02   0.00000000E+00   0.48362553E-02   0.20339169E+00   0.42959388E-02
        1.316667   0.20074476E+00   0.31469060E+00   0.19747767E+00   0.63314732E-02   0.00000000E+00   0.50329993E-02   0.19802681E+00   0.42034953E-02
        1.333333   0.19531945E+00   0.31191422E+00   0.19213239E+00   0.61742727E-02   0.00000000E+00   0.52407384E-02   0.19267892E+00   0.41077316E-02
        1.350000   0.18990979E+00   0.30894814E+00   0.18681015E+00   0.60160972E-02   0.00000000E+00   0.54591157E-02   0.18735002E+00   0.40089456E-02
        1.366667   0.18451743E+00   0.30578140E+00   0.18151185E+00   0.58570234E-02   0.00000000E+00   0.56877107E-02   0.18204128E+00   0.39074222E-02
        1.383333   0.17914317E+00   0.30240269E+00   0.17623764E+00   0.56971150E-02   0.00000000E+00   0.59259777E-02   0.17675308E+00   0.38034313E-02
        1.400000   0.17378701E+00   0.29880018E+00   0.17098691E+00   0.55364234E-02   0.00000000E+00   0.61732605E-02   0.17148503E+00   0.36972258E-02
        1.416667   0.16844808E+00   0.29496133E+00   0.16575835E+00   0.53749872E-02   0.00000000E+00   0.64291107E-02   0.16623597E+00   0.35890400E-02
        1.433333   0.16312469E+00   0.29087269E+00   0.16054987E+00   0.52128296E-02   0.00000000E+00   0.66932366E-02   0.16100395E+00   0.34790858E-02
        1.450000   0.15781425E+00   0.28651980E+00   0.15535857E+00   0.50499547E-02   0.00000000E+00   0.69653538E-02   0.15578621E+00   0.33675499E-02
        1.466667   0.15251324E+00   0.28188708E+00   0.15018075E+00   0.48863436E-02   0.00000000E+00   0.72453883E-02   0.15057910E+00   0.32545897E-02
        1.483333   0.14721725E+00   0.27695766E+00   0.14501183E+00   0.47219504E-02   0.00000000E+00   0.75329069E-02   0.14537813E+00   0.31403318E-02
        1.500000   0.14192099E+00   0.27171313E+00   0.13984641E+00   0.45567016E-02   0.00000000E+00   0.78268332E-02   0.14017797E+00   0.30248717E-02
        1.516667   0.13661829E+00   0.26613309E+00   0.13467824E+00   0.43904950E-02   0.00000000E+00   0.81287408E-02   0.13497246E+00   0.29082751E-02
        1.533333   0.13130199E+00   0.26019449E+00   0.12950019E+00   0.42231993E-02   0.00000000E+00   0.84391499E-02   0.12975452E+00   0.27905791E-02
        1.550000   0.12596370E+00   0.25387064E+00   0.12430405E+00   0.40546495E-02   0.00000000E+00   0.87612769E-02   0.12451599E+00   0.26717903E-02
        1.566667   0.12059345E+00   0.24713015E+00   0.11908013E+00   0.38846370E-02   0.00000000E+00   0.91013973E-02   0.11924721E+00   0.25518791E-02
        1.583333   0.11517908E+00   0.23993583E+00   0.11381678E+00   0.37128915E-02   0.00000000E+00   0.94634817E-02   0.11393652E+00   0.24307683E-02
        1.600000   0.10970579E+00   0.23224380E+00   0.10849977E+00   0.35390574E-02   0.00000000E+00   0.98622763E-02   0.10856971E+00   0.23083196E-02
        1.616667   0.10415561E+00   0.22400213E+00   0.10311176E+00   0.33626723E-02   0.00000000E+00   0.10326462E-01   0.10312958E+00   0.21843227E-02
        1.633333   0.98506599E-01   0.21514819E+00   0.97631688E-01   0.31831485E-02   0.00000000E+00   0.10899162E-01   0.97595279E-01   0.20584862E-02
        1.650000   0.92731474E-01   0.20560428E+00   0.92033548E-01   0.29997400E-02   0.00000000E+00   0.11666583E-01   0.91941094E-01   0.19304199E-02
        1.666667   0.86795041E-01   0.19527147E+00   0.86284097E-01   0.28114752E-02   0.00000000E+00   0.11103364E-01   0.86134215E-01   0.17995959E-02
        1.683333   0.80650318E-01   0.18402199E+00   0.80339434E-01   0.26170462E-02   0.00000000E+00   0.24637031E-01   0.80131267E-01   0.16652819E-02
        1.700000   0.74233042E-01   0.17169378E+00   0.74141201E-01   0.24146770E-02   0.00000000E+00   0.26764863E-01   0.73873724E-01   0.15264466E-02
        1.716667   0.67446255E-01   0.15806006E+00   0.67601299E-01   0.22016886E-02   0.00000000E+00   0.28992618E-01   0.67275184E-01   0.13815510E-02
        1.733333   0.60150650E-01   0.14283670E+00   0.60601794E-01   0.19744357E-02   0.00000000E+00   0.29907561E-01   0.60213095E-01   0.12283550E-02
        1.750000   0.52120923E-01   0.12637114E+00   0.53150426E-01   0.17331587E-02   0.00000000E+00   0.35439780E-01   0.52512004E-01   0.10631182E-02
        1.766667   0.42060595E-01   0.10618093E+00   0.43756510E-01   0.14346903E-02   0.00000000E+00   0.34951301E-01   0.42943189E-01   0.86397513E-03
        1.783333   0.28256803E-01   0.54486883E-01   0.23996558E-01   0.80128518E-03   0.00000000E+00   0.31917852E-01   0.29350078E-01   0.62300008E-03
        1.800000   0.62144014E-02   0.22389215E-02   0.10394150E-02   0.32666320E-04   0.00000000E+00   0.26137172E-01   0.63889717E-02   0.20220236E-03
        1.816667   0.29789731E-03   0.63171520E-03   0.25918518E-03   0.75108533E-05   0.00000000E+00   0.19637877E-01   0.30472267E-03   0.53531140E-05
        1.833333   0.19266216E-03   0.45800436E-03   0.18301748E-03   0.50359450E-05   0.00000000E+00   0.13952723E-01   0.19434507E-03   0.29971333E-05
        1.850000   0.15161073E-03   0.37714184E-03   0.14711323E-03   0.38863551E-05   0.00000000E+00   0.76104479E-02   0.15218225E-03   0.21759147E-05
        1.866667   0.12794217E-03   0.32874007E-03   0.12522404E-03   0.31954438E-05   0.00000000E+00   0.35614148E-02   0.12809418E-03   0.17245214E-05
        1.883333   0.11199602E-03   0.29594219E-03   0.11010359E-03   0.27248283E-05   0.00000000E+00   0.67175759E-02   0.11195513E-03   0.14306690E-05
        1.900000   0.10028669E-03   0.27199145E-03   0.98850121E-04   0.23793869E-05   0.00000000E+00   0.49588962E-03   0.10014875E-03   0.12211387E-05
        1.916667   0.91202755E-04   0.25360109E-03   0.90048878E-04   0.21128929E-05   0.00000000E+00   0.43548293E-04   0.91014428E-04   0.10628908E-05
        1.933333   0.83881435E-04   0.23896176E-03   0.82918071E-04   0.18998792E-05   0.00000000E+00   0.18179580E-04   0.83667530E-04   0.93857139E-06
        1.950000   0.77812897E-04   0.22698734E-03   0.76986150E-04   0.17250302E-05   0.00000000E+00   0.12429085E-04   0.77587387E-04   0.83803399E-06
        1.966667   0.72673625E-04   0.21698259E-03   0.71949625E-04   0.15785181E-05   0.00000000E+00   0.94645548E-05   0.72444676E-04   0.75484606E-06
        1.983333   0.68246919E-04   0.20847982E-03   0.67603126E-04   0.14537120E-05   0.00000000E+00   0.75992245E-05   0.68019406E-04   0.68486722E-06
        2.000000   0.64381321E-04   0.20115173E-03   0.63802022E-04   0.13459565E-05   0.00000000E+00   0.63066871E-05   0.64158165E-04   0.62512834E-06
        2.016667   0.60967272E-04   0.19476175E-03   0.60441085E-04   0.12518751E-05   0.00000000E+00   0.53568435E-05   0.60750204E-04   0.57352677E-06
        2.033333   0.57923243E-04   0.18913420E-03   0.57441654E-04   0.11689518E-05   0.00000000E+00   0.46300174E-05   0.57713246E-04   0.52851261E-06
        2.050000   0.55187103E-04   0.18413569E-03   0.54743568E-04   0.10952688E-05   0.00000000E+00   0.40569112E-05   0.54984684E-04   0.48892134E-06
        2.066667   0.52710534E-04   0.17966287E-03   0.52299907E-04   0.10293356E-05   0.00000000E+00   0.35943372E-05   0.52515893E-04   0.45383473E-06
        2.083333   0.50455300E-04   0.17563438E-03   0.50073451E-04   0.96997380E-06   0.00000000E+00   0.32138865E-05   0.50268440E-04   0.42254403E-06
        2.100000   0.48390678E-04   0.17198516E-03   0.48034238E-04   0.91623840E-06   0.00000000E+00   0.28960766E-05   0.48211473E-04   0.39450434E-06
        2.116667   0.46491651E-04   0.16866256E-03   0.46157830E-04   0.86736142E-06   0.00000000E+00   0.26270939E-05   0.46319898E-04   0.36918316E-06
        2.133333   0.44737606E-04   0.16562341E-03   0.44424062E-04   0.82271166E-06   0.00000000E+00   0.23968717E-05   0.44573051E-04   0.34625283E-06
        2.150000   0.43111379E-04   0.16283202E-03   0.42816125E-04   0.78176496E-06   0.00000000E+00   0.21979026E-05   0.42953741E-04   0.32543624E-06
        2.166667   0.41598542E-04   0.16025854E-03   0.41319875E-04   0.74408205E-06   0.00000000E+00   0.20244768E-05   0.41447526E-04   0.30646099E-06
        2.183333   0.40186863E-04   0.15787786E-03   0.39923311E-04   0.70929173E-06   0.00000000E+00   0.18721763E-05   0.40042170E-04   0.28904593E-06
        2.200000   0.38865893E-04   0.15566863E-03   0.38616171E-04   0.67707794E-06   0.00000000E+00   0.17375314E-05   0.38727227E-04   0.27313084E-06
        2.216667   0.37626639E-04   0.15361262E-03   0.37389622E-04   0.64716973E-06   0.00000000E+00   0.16177808E-05   0.37493710E-04   0.25838651E-06
        2.233333   0.36461316E-04   0.15169413E-03   0.36236009E-04   0.61933336E-06   0.00000000E+00   0.15107006E-05   0.36333844E-04   0.24485106E-06
        2.250000   0.35363143E-04   0.14989959E-03   0.35148661E-04   0.59336601E-06   0.00000000E+00   0.14144808E-05   0.35240859E-04   0.23227206E-06
        2.266667   0.34326181E-04   0.14821717E-03   0.34121736E-04   0.56909075E-06   0.00000000E+00   0.13276340E-05   0.34208826E-04   0.22057627E-06
        2.283333   0.33345201E-04   0.14663655E-03   0.33150085E-04   0.54635251E-06   0.00000000E+00   0.12489272E-05   0.33232531E-04   0.20984916E-06
        2.300000   0.32415581E-04   0.14514863E-03   0.32229157E-04   0.52501472E-06   0.00000000E+00   0.11773302E-05   0.32307364E-04   0.19970761E-06
        2.316667   0.31533217E-04   0.14374542E-03   0.31354908E-04   0.50495662E-06   0.00000000E+00   0.11119758E-05   0.31429231E-04   0.19036540E-06
        2.333333   0.30694448E-04   0.14241979E-03   0.30523731E-04   0.48607099E-06   0.00000000E+00   0.10521293E-05   0.30594484E-04   0.18151446E-06
        2.350000   0.29895997E-04   0.14116545E-03   0.29732396E-04   0.46826230E-06   0.00000000E+00   0.99716437E-06   0.29799859E-04   0.17326782E-06
        2.366667   0.29134923E-04   0.13997675E-03   0.28978002E-04   0.45144512E-06   0.00000000E+00   0.94654379E-06   0.29042424E-04   0.16563686E-06
        2.383333   0.28408574E-04   0.13884865E-03   0.28257937E-04   0.43554285E-06   0.00000000E+00   0.89980464E-06   0.28319539E-04   0.15840152E-06
        2.400000   0.27714555E-04   0.13777661E-03   0.27569835E-04   0.42048654E-06   0.00000000E+00   0.85654592E-06   0.27628818E-04   0.15163996E-06
        2.416667   0.27050696E-04   0.13675654E-03   0.26911555E-04   0.40621400E-06   0.00000000E+00   0.81641872E-06   0.26968099E-04   0.14526103E-06
        2.433333   0.26415022E-04   0.13578475E-03   0.26281152E-04   0.39266898E-06   0.00000000E+00   0.77911828E-06   0.26335418E-04   0.13922352E-06
        2.450000   0.25805739E-04   0.13485792E-03   0.25676852E-04   0.37980052E-06   0.00000000E+00   0.74437752E-06   0.25728989E-04   0.13345143E-06
        2.466667   0.25221212E-04   0.13397302E-03   0.25097042E-04   0.36756236E-06   0.00000000E+00   0.71196212E-06   0.25147184E-04   0.12823557E-06
        2.483333   0.24659961E-04   0.13312735E-03   0.24540260E-04   0.35591267E-06   0.00000000E+00   0.68166773E-06   0.24588529E-04   0.12306400E-06
        2.500000   0.24120703E-04   0.13231868E-03   0.24005242E-04   0.34481478E-06   0.00000000E+00   0.40623005E-06   0.24051750E-04   0.11821907E-06
